4
600
-32
0
-100
58
64
-96
-32
-96
-36
-36
-4
53
82
-4
95
-68
0
-64
-32
-36
0
33
-32
-4
-68
-100
57
-32
-4
0
35
42
6
42
48
5
29
50
1
-68
-68
54
40
76
-68
39
23
-32
82
-4
0
-64
30
0
-96
-64
72
29
-68
0
90
-68
-36
-68
-4
50
-68
30
-100
-64
-100
-4
-68
-4
-4
46
30
-96
91
55
59
37
83
-64
50
-100
20
21
99
84
-100
-68
38
88
-64
93
83
-100
17
-32
-64
-32
49
-68
3
8
9
-36
-4
-4
-32
3
0
18
96
81
-36
-4
22
92
79
57
91
-96
11
34
55
46
86
0
-36
16
-100
51
-64
-36
89
-64
10
-100
-96
-36
-36
85
85
26
-68
32
-96
-36
29
92
-32
49
-32
-4
53
-4
-4
-96
-4
49
0
-64
5
82
-4
1
71
63
-32
-68
8
45
-100
-100
82
-32
22
-96
-96
-96
59
39
-32
10
-32
13
22
18
-32
91
25
-36
24
74
59
-36
0
77
-4
-100
85
80
-64
99
-64
-4
-4
-100
-32
-64
-100
42
86
0
-32
-100
70
-96
-32
67
-4
94
-96
-68
94
2
-64
93
-4
64
-96
87
26
57
15
27
-100
9
86
-4
0
0
-32
-96
62
-4
-68
-4
60
16
26
-32
-64
0
24
63
51
29
13
78
-68
-32
39
-64
-4
-100
-36
-64
28
-96
-4
-32
-100
50
-4
16
57
57
-100
-32
22
0
0
-96
-64
-68
-100
55
-64
34
72
-32
63
-32
-96
-64
0
-100
11
-68
-32
-68
34
-36
98
-36
-36
-36
93
5
48
-36
0
-4
62
-4
78
43
73
13
-96
10
-68
95
-4
88
0
-4
45
-96
-100
58
-36
5
81
-100
0
97
-100
0
-100
0
-100
-36
-96
-32
1
59
28
-100
-96
70
-36
3
-4
63
71
-64
42
-32
-32
32
5
0
-4
47
48
-64
-64
-32
78
-4
-32
-64
-100
-36
70
-32
72
87
63
-68
-68
69
-36
43
-32
-68
-68
-64
42
60
-68
88
90
-32
20
67
83
-96
-100
-4
48
-4
-36
55
26
-32
0
0
15
42
-96
96
72
6
-100
5
12
-4
-36
41
94
52
38
55
-96
41
-64
-64
50
34
-96
52
62
-68
-96
-32
24
-100
-68
80
58
55
-32
-68
-4
61
-100
53
20
23
-32
59
19
-32
-36
92
-96
89
38
0
-64
61
-68
-36
-68
0
0
-68
-4
39
88
54
-100
74
15
-4
-4
98
-4
-68
89
0
-36
-96
84
0
-68
71
-64
-68
25
29
98
-68
80
49
-96
-32
-68
16
26
87
-100
86
-4
-32
-36
73
41
0
0
68
2
-96
-100
30
9
56
93
52
45
48
0
-32
-4
4
-4
-36
23
66
-96
96
33
22
92
-68
0
7
30
0
99
48
40
-68
67
97
97
51
30
-4
29
40
47
55
0
0
46
46
69
63
-64
-64
-32
70
-96
-32
-36
-36
23
33
-4
-64
-100
-68
64
-100
-64
-4
-36
70
68
-36
73
94
26
72
-32
19
-96
-64
-36
-32
50
-32
66
400
-64
-68
-100
-96
68
31
26
22
79
52
91
-4
64
55
74
21
47
-36
-96
50
-96
-100
39
12
67
15
23
-64
86
-36
-36
0
-4
-100
74
-4
-100
-64
-68
-36
76
11
56
25
86
-96
-100
-4
91
83
27
71
-68
0
45
85
37
-64
0
11
49
54
-32
-32
-64
72
30
0
-36
2
81
23
-68
-64
-4
10
58
87
28
-64
-4
-36
10
28
41
3
-32
81
-68
98
61
-100
-36
-96
-64
86
-32
48
92
-32
35
99
-4
28
69
94
52
0
-32
97
0
-64
-100
48
0
33
-64
90
-36
78
-32
87
-100
-32
93
11
34
97
-96
5
-64
49
79
-36
-96
97
76
82
59
89
-96
72
8
-96
-68
7
74
11
-64
90
-32
32
41
13
96
15
99
80
32
-64
17
70
-64
-64
5
-68
16
78
-96
-68
-32
-32
76
-32
65
-32
43
-64
55
-68
48
-96
46
-4
-68
91
0
93
-68
-96
52
51
-96
55
-64
97
-32
-36
78
40
-64
-32
-32
49
-32
82
-32
67
82
41
0
-68
0
-100
46
59
-68
86
-100
60
0
3
-4
55
-64
21
81
-4
-100
35
74
-36
53
35
-64
-32
0
78
1
-100
-96
73
-68
-96
53
-36
-36
-32
29
-64
81
0
-100
32
-96
-68
93
78
6
-100
97
94
-68
-64
-32
-36
84
6
97
90
0
99
10
-68
-68
80
-96
-4
7
27
31
71
93
-64
-68
-4
22
0
37
88
-96
-100
-64
0
0
-64
-32
-64
95
-4
81
6
43
-64
68
0
51
79
40
-4
-36
-4
95
-96
35
76
-68
-96
-68
32
-64
-32
-64
36
-96
80
76
93
46
73
-32
-64
7
-32
-36
0
-68
-96
36
-64
-100
0
48
68
-96
90
-68
-4
-96
-4
-68
-96
53
-4
0
-96
14
44
-36
64
-4
-36
87
76
-4
-36
10
0
-36
-36
-96
-4
35
-36
-32
-64
-68
65
-32
-100
-36
-32
45
0
44
63
64
0
4
-32
-4
0
-64
-100
-4
95
-36
51
-100
200
-32
-32
54
7
-32
90
-96
23
-100
81
33
-96
46
-4
-32
89
63
-96
-100
8
0
72
-4
61
6
75
19
-96
79
-96
-100
-36
-100
-96
0
95
1
-96
80
0
74
-36
41
0
74
91
-32
39
-100
-32
-100
79
-96
98
-68
-100
-64
38
81
0
-100
0
-36
7
41
0
-36
0
90
35
10
-100
89
-32
-96
-36
38
11
-96
-96
-36
-32
17
-36
3
51
36
67
5
0
-36
31
-100
-32
15
19
91
-4
-64
-100
78
-64
-100
3
33
71
-36
41
47
58
-68
-36
68
95
-64
-100
99
78
57
-36
-64
13
10
-32
-96
3
69
29
74
0
44
-36
-96
73
31
-68
-36
3
79
-96
88
-96
22
11
51
77
76
20
-68
79
-64
-100
62
70
73
-4
17
-100
67
-64
-4
-64
-64
31
-96
72
7
-68
-32
77
-4
-32
33
-68
74
-100
-36
62
-4
-100
17
3
83
0
-32
-100
-64
-64
-64
21
-100
-68
-68
79
0
61
5
28
-100
1
5
-3
0
-9
-1
