1

935
323
314
59
484
455
939
783
567
159
176
633
327
755
236
375
743
804
916
192
771
547
311
966
370
876
100
584
337
617
571
623
940
236
33
775
43
972
557
961
130
84
593
808
838
181
535
932
984
450
124
107
996
786
424
717
661
524
300
350
492
222
972
431
810
5
557
204
328
113
164
809
548
108
968
386
288
502
317
624
951
792
82
298
577
505
15
590
380
666
939
872
240
262
654
49
266
563
252
593
675
767
753
223
874
721
960
514
222
628
489
525
420
570
822
348
74
188
289
806
854
227
29
445
489
682
493
106
244
96
51
271
214
803
845
439
523
156
952
97
783
440
621
554
9
794
254
435
334
542
592
187
121
620
983
609
653
475
66
249
922
116
871
135
271
67
573
793
222
877
241
356
316
213
910
677
7
163
463
340
56
54
878
176
25
860
136
677
