37946
839
9726715568
4216126497
54438854
5174619978
1
1971811
98
934306448
4794665422
502944726
97667874
220537171
5641086
6586
33276297
8532382807
3931698848
7625329273
49201
916002
977832
3401
4117278311
2586
7095698
29709242
43423329
2591874
922599085
305
554933464
665541
7950667406
924
9108
8344089126
22671286
394301
643
69147847
4625056874
179774144
36408433
71
9733759
45137772
28790227
5433356156
280298951
3327155
103882927
4643719
450629
765667956
79835
934986
5791216
893705914
8287741
7768859151
1194495435
41482
975
590582093
4732351834
61774
5233791592
21478084
836714042
572383461
83271557
87053466
7604092
57021
8083586
5346477
7353316409
5157293954
6261121
3683096389
9160050119
550068792
59567696
9257149111
971912
451016646
259
23285406
67
169562457
697248
88
758
808783038
833656
82104131
80710568
504392758025607419824505374515391514119023851042830860085361878779839636266712412505761516517029151863795272026290137331301441529547913191271621864015572625717401669573121968708702868495906955948672001
