1
	1! = 
2
	2! = 1  
3
	3! = 1  1  
4
	4! = 3  1  
5
	5! = 3  1  1  
6
	6! = 5  3  1  
7
	7! = 5  3  1  1  
8
	8! = 7  3  1  1  
9
	9! = 7  5  1  1  
10
	10! = 9  5  3  1  
100
	100! = 99  65  39  27  17  13  9  9  7  5  5  3  3  3  3  1  1  1  1  1  1  1  1  1  1  
99
	99! = 97  65  37  27  17  13  9  9  7  5  5  3  3  3  3  1  1  1  1  1  1  1  1  1  1  
98
	98! = 97  63  37  27  15  13  9  9  7  5  5  3  3  3  3  1  1  1  1  1  1  1  1  1  1  
53
	53! = 51  33  19  13  7  7  5  3  3  1  1  1  1  1  1  1  
